INPUTS
Surface_Temperature(K) Surface_Pressure(MPa) Water_Mass(kg) Rocky_Core_Radius(m) Rocky_Core_Density(kg/m3)
340.0 0.1 4.7776e+22 3052800.0 5500
depth density thermal_expansivity heat_capacity thermal_gradient phase temperature pressure gravity mass
0.0 979.5354773444257 0.0005652524801404602 4188.399976067586 0.00018981116180092993 0.0 340.0 0.1 4.7102328311788515 0.0
3231.182158170625 984.8699032780573 0.0005597702847836559 4161.096316967345 0.0001899086469987931 0.0 340.6133144394328 13.192727063458122 4.704405985140259 3.6934911938512906e+20
6462.36431634125 990.0789661728612 0.0005549257569609424 4135.589849933454 0.00019003228058357032 0.0 341.22694387129764 26.382015185062617 4.698579022958552 3.720886404092021e+20
9693.546474511875 995.1662369686288 0.0005505761482359249 4111.739489271329 0.0001902422565321629 0.0 341.8409727857957 39.65956433692949 4.692751986082434 3.7479139922599136e+20
12924.7286326825 1000.1380958458049 0.0005466149165436595 4089.4023327492514 0.00019051114085343808 0.0 342.4556801708326 53.023923727118316 4.68692491361028 3.7745952620269457e+20
16155.910790853124 1005.0004397336209 0.0005429678405920933 4068.4536194291054 0.00019082076129073693 0.0 343.07125637009096 66.47372220830472 4.6810978435590025 3.8009498865025384e+20
19387.09294902375 1009.7584427295756 0.0005395844440464307 4048.793209805196 0.00019115939321959734 0.0 343.68783300938213 80.00766221149897 4.675270813804122 3.826994981493376e+20
22618.275107194375 1014.4170869269193 0.0005364146539064194 4030.3369252261064 0.000191514190075209 0.0 344.30550383012 93.62451040842134 4.669443862622436 3.8527470932326095e+20
25849.457265365 1018.9810379213305 0.0005334145277608007 4013.002803494493 0.00019187391098315974 0.0 344.9243210641275 107.32309547711284 4.663617028722621 3.878221717325813e+20
29080.639423535624 1023.4544692627281 0.0005305509207392755 3996.7142659264828 0.00019223056797615162 0.0 345.5443006219147 121.10230416626534 4.657790351268171 3.903432616975765e+20
32311.82158170625 1027.8414047807137 0.0005277980811293244 3981.3970053563166 0.00019257849251377133 0.0 346.1654326034143 134.96107495638105 4.651963870639114 3.9283931120399254e+20
35543.003739876876 1032.145830839111 0.0005251408805402517 3966.9724644363328 0.00019291594589561828 0.0 346.7876887924722 148.89839631722168 4.6461376299035955 3.9531165033164256e+20
38774.1858980475 1036.3713985664172 0.000522568861831765 3953.364792443378 0.00019324272741717786 0.0 347.41103535487673 162.9133064743488 4.640311675107524 3.9776149285326894e+20
42005.368056218125 1040.5210156140515 0.0005200626322802829 3940.511804784789 0.00019355462735346656 0.0 348.03543780790335 177.0048891270755 4.634486052012116 4.0018977790997384e+20
45236.55021438875 1044.5979732676212 0.0005176003196802456 3928.363925598582 0.0001938457676254027 0.0 348.66084806643926 191.17226358100268 4.628660801572233 4.025976014522329e+20
48467.732372559374 1048.6057535364323 0.0005151743159615198 3916.86933949872 0.0001941156047899355 0.0 349.2871990522273 205.41459017085015 4.62283595511753 4.049861433033803e+20
51698.91453073 1052.546838561712 0.0005127890926906875 3905.976095776577 0.00019436817400239482 0.0 349.91442193104706 219.7310730908159 4.617011533044066 4.073562071730751e+20
54930.09668890062 1056.4236663959937 0.0005104239645026062 3895.6408440885225 0.00019459759557566102 0.0 350.5424609069998 234.12094697012066 4.611187550221084 4.097085873309602e+20
58161.27884707125 1060.238863241264 0.0005080640604559015 3885.8252505813894 0.00019479982436727594 0.0 351.1712411858468 248.5834764366103 4.605364022195211 4.120441587049088e+20
61392.46100524187 1063.9948039839462 0.0005057300445832114 3876.49072253752 0.00019498443828639843 0.0 351.8006749027571 263.11795886133086 4.599540970359275 4.1436370651600853e+20
64623.6431634125 1067.693469437556 0.0005034380812186942 3867.606054020937 0.00019515913214834175 0.0 352.43070514086907 277.72372109146454 4.593718422643446 4.166678695726779e+20
67854.82532158312 1071.3370335774766 0.0005011699663398521 3859.1496339524138 0.00019531789970105427 0.0 353.06129984667086 292.4001141946093 4.587896410040356 4.189573683394218e+20
71086.00747975375 1074.9276352173142 0.0004989071752670792 3851.096773189697 0.0001954546260017842 0.0 353.6924075593563 307.14651625043865 4.582074963974919 4.2123291626280085e+20
74317.18963792437 1078.4671179783002 0.0004966485499723853 3843.4268184781467 0.000195569692671567 0.0 354.3239570596252 321.9623320144051 4.576254115189593 4.2349511753761076e+20
77548.371796095 1081.957503647217 0.0004943840942475832 3836.119398825944 0.00019565998320784914 0.0 354.95587836126447 336.8469889870674 4.570433893806354 4.257446521898397e+20
80779.55395426562 1085.4006147245173 0.0004921127187993873 3829.14145726271 0.0001957265091009553 0.0 355.58809140807364 351.79994000376536 4.564614328993287 4.2798212798407475e+20
84010.73611243625 1088.7976794340466 0.0004898495453142918 3822.4661431834634 0.00019577646211526637 0.0 356.22051941216165 366.8206606184878 4.558795447688485 4.3020792356017085e+20
87241.91827060687 1092.1501493539959 0.0004875952776974171 3816.083155781913 0.0001958105444615037 0.0 356.85310882353826 381.90864098809556 4.552977273679144 4.324225097573709e+20
90473.1004287775 1095.460081257002 0.0004853466203032642 3809.9789455087534 0.0001958280292922165 0.0 357.48580836118396 397.0633890509694 4.547159828495939 4.3462660203173963e+20
93704.28258694812 1098.728811137119 0.00048310311465636543 3804.128753326609 0.00019582990213291412 0.0 358.1185643955027 412.2844390386194 4.541343132924259 4.3682063577314696e+20
96935.46474511875 1101.9572074281627 0.00048085879677397186 3798.521626957492 0.00019581420727297672 0.0 358.75132648131085 427.57134158587473 4.535527208301333 4.390048642557197e+20
100166.64690328937 1105.1469771944774 0.00047861888875921845 3793.1446898872373 0.0001957836256269417 0.0 359.3840378541676 442.9236573082332 4.529712076302367 4.411798781734817e+20
103397.82906146 1108.299283721045 0.0004763935667096534 3787.9750370674838 0.0001957434439406682 0.0 360.01665041215534 458.34096855942414 4.523897758072271 4.4334605608545636e+20
106629.01121963063 1111.4149036278961 0.0004741793153535995 3783.0041822194976 0.00019569264576843135 0.0 360.6491331357953 473.82287195033433 4.5180842734674735 4.4550362517907505e+20
109860.19337780125 1114.495136602908 0.00047196848450586687 3778.2293944096314 0.00019562818078762556 0.0 361.28145172128745 489.36897301660565 4.512271640962182 4.476530251003572e+20
113091.37553597188 1117.5412865997657 0.0004697655007383633 3773.6421710758154 0.0001955522691508051 0.0 361.9135620086838 504.97889359445145 4.506459878053761 4.497947012986985e+20
116322.5576941425 1120.554388781706 0.0004675768241425772 3769.236764102262 0.00019546787887251516 0.0 362.54542701175365 520.652271969026 4.500649001749722 4.5192899492943987e+20
119553.73985231313 1123.5353778412345 0.0004653929236984747 3765.0120678119965 0.0001953710787597906 0.0 363.177019334462 536.3887591876947 4.4948390286402535 4.540562097816081e+20
122784.92201048374 1126.4852244928616 0.00046320901750386735 3760.964235179684 0.00019526001164941139 0.0 363.8082988783732 552.1880177165241 4.48902997444189 4.56176667146288e+20
126016.10416865438 1129.4049162746717 0.00046104550341201714 3757.0802463729783 0.0001951439222369723 0.0 364.439219544219 568.0497220115104 4.483221853387361 4.582906981825221e+20
129247.286326825 1132.2952522680725 0.00045891162185697634 3753.3412823605563 0.00019502777548069904 0.0 365.06976510402654 583.9735588213333 4.477414678220764 4.6039856052685767e+20
132478.46848499562 1135.156875399692 0.0004567836926282359 3749.732840998206 0.000194902339829622 0.0 365.69993537250747 599.9592245922805 4.471608460832096 4.625004506833802e+20
135709.65064316624 1137.990549994098 0.0004546542655589992 3746.2475260637784 0.00019476479203345704 0.0 366.3297003355506 616.00642331405 4.465803212904132 4.645966166983215e+20
138940.83280133686 1140.7971157894776 0.00045255241948763316 3742.8811520515974 0.0001946277989693983 0.0 366.95902085660896 632.1148682800899 4.459998945797901 4.666873398565501e+20
142172.0149595075 1143.5772441012352 0.0004504866454794202 3739.6346137494916 0.00019449509380728322 0.0 367.5878987281229 648.2842832031029 4.454195669972854 4.687728350475915e+20
145403.19711767812 1146.331541107963 0.00044842320133085876 3736.514520437924 0.00019435187144464496 0.0 368.21634780508475 664.5143998738064 4.448393394647628 4.708532924983808e+20
148634.37927584874 1149.0609245810178 0.0004463439795753735 3733.525390484108 0.00019418998864602024 0.0 368.84433410450373 680.8049572750259 4.442592128192253 4.729290325621176e+20
151865.56143401936 1151.7666270971172 0.0004442779417148353 3730.661976740385 0.00019402223508927722 0.0 369.4717973311121 697.155706055475 4.436791878624805 4.7500050834396126e+20
155096.74359219 1154.4497253151162 0.0004422676930695765 3727.9067807534157 0.00019386823292250814 0.0 370.09871851542096 713.5664130806815 4.430992653585203 4.770681124960613e+20
158327.92575036062 1157.1108580985251 0.0004403381121744437 3725.2367831080546 0.00019374040362083188 0.0 370.72514209067623 730.0368592973864 4.425194460051494 4.791320598595539e+20
161559.10790853124 1159.7503641760907 0.00043848952333625505 3722.6393186710716 0.00019363996832422276 0.0 371.3511526261726 746.5668335560831 4.419397304371972 4.8119244276436756e+20
164790.29006670188 1162.368518464061 0.000436694532661426 3720.114598410816 0.00019355519538461657 0.0 371.97683863693055 763.1561283626978 4.41360119240069 4.832493280314192e+20
168021.4722248725 1164.965642093455 0.0004349096032293295 3717.667100624341 0.00019346675128546756 0.0 372.60225073087855 779.8045389879697 4.407806129338168 4.853028025440243e+20
171252.65438304312 1167.5420633768015 0.00043311006715808774 3715.2969458647954 0.00019336363944950758 0.0 373.22737704583136 796.5118641470125 4.402012118951177 4.873529571504976e+20
174483.83654121374 1170.0980021111452 0.00043129829170919693 3713.0001769307814 0.00019324701279355665 0.0 373.85217018765957 813.277906120536 4.396219162447556 4.8939983830584826e+20
177715.01869938438 1172.6336657028999 0.00042948778319297444 3710.773844372666 0.00019312299925094414 0.0 374.47658648751786 830.1024692141583 4.3904272581150865 4.914434879050658e+20
180946.200857555 1175.1494390618852 0.00042769141368334833 3708.6156152231365 0.00019299750626216916 0.0 375.1006020770299 846.9853595941818 4.38463640219794 4.9348402297580585e+20
184177.38301572562 1177.6458429156912 0.00042592074816890106 3706.522008174392 0.00019287600164517106 0.0 375.72421217583565 863.9263878603756 4.378846589745974 4.955216188853315e+20
187408.56517389623 1180.1232675402634 0.00042417850565752967 3704.489482965009 0.00019276001911435077 0.0 376.3474296710908 880.9253710307288 4.373057814469932 4.975563976521082e+20
190639.74733206688 1182.5818893258986 0.00042245479256861084 3702.5168895128513 0.0001926452361353192 0.0 376.9702724056617 897.9821306876395 4.367270068333625 4.99588392153786e+20
193870.9294902375 1185.021841517991 0.00042073499747721587 3700.607899954829 0.00019252485070750662 0.0 377.5927442555187 915.0964899049129 4.36148334178191 5.0161761750372935e+20
197102.1116484081 1187.4434858302045 0.00041901766153830595 3698.773659545829 0.00019239760844221807 0.0 378.2148271181293 932.2682726316845 4.355697624081633 5.036441860731228e+20
200333.29380657873 1189.8474029999145 0.00041731975329175453 3697.0254533316515 0.00019227072768029262 0.0 378.8364988378025 949.4973070149236 4.349912902947984 5.0566830444251487e+20
203564.47596474938 1192.2341624021365 0.0004156613035098475 3695.371789096233 0.00019215310572992346 0.0 379.4577605826215 966.7834286050648 4.344129164097323 5.076901762248623e+20
206795.65812292 1194.6041095732392 0.00041404317400604715 3693.817372322542 0.00019204508543489417 0.0 380.0786422694931 984.1264802285649 4.338346391329217 5.097099113637588e+20
210026.8402810906 1196.9574248687156 0.0004124473103142853 3692.3587327742666 0.00019193863668788287 0.0 380.6991749231147 1001.5263087632812 4.332564566655416 5.117275502679247e+20
213258.02243926126 1199.2943113121644 0.0004108531293192282 3690.980595175656 0.00019182503780357376 0.0 381.31936362144415 1018.9827627501368 4.326783670084056 5.137431435832484e+20
216489.20459743188 1201.6151379000842 0.0004092522785232752 3689.6616992823288 0.00019170146703765615 0.0 381.93918526108547 1036.495692736182 4.321003678988535 5.1575681379973575e+20
219720.3867556025 1203.92040767015 0.0004076458641224975 3688.3826327108345 0.00019156939592659272 0.0 382.55860762107267 1054.064953718295 4.31522456817007 5.177687422250947e+20
222951.5689137731 1206.210582858721 0.0004060386199558854 3687.128505828367 0.00019143177988469132 0.0 383.1776032352422 1071.690407132376 4.309446311204969 5.197790942146489e+20
226182.75107194376 1208.4858578944381 0.0004044329472787458 3685.8888959059404 0.00019129027191250016 0.0 383.7961541869125 1089.3719202853863 4.303668879517531 5.217879209874094e+20
229413.93323011437 1210.7461276484612 0.0004028248971427531 3684.66273293927 0.0001911430431211812 0.0 384.41424790054776 1107.1093624461384 4.297892241087452 5.2379514475370794e+20
232645.115388285 1212.9912165947544 0.0004012063275508392 3683.468183935375 0.00019098524419547763 0.0 385.0318658911394 1124.902600445068 4.292116362570601 5.258006567749263e+20
235876.2975464556 1215.2213922265523 0.00039958359558188406 3682.3396706375866 0.00019081805241380066 0.0 385.64897400465765 1142.7514976240745 4.286341208188773 5.278045400533142e+20
239107.47970462625 1217.437427510376 0.00039799303885300113 3681.309020750398 0.00019065718683635786 0.0 386.265541891074 1160.6559203471097 4.280566738029297 5.298070984016512e+20
242338.66186279687 1219.640382361168 0.0003965014913517991 3680.387651515214 0.00019053432523137817 0.0 386.88158999150664 1178.6157454731135 4.274792909589875 5.318087633219182e+20
245569.8440209675 1221.8309896178175 0.00039514614655868904 3679.5620084968637 0.00019046859704264165 0.0 387.49724110371335 1196.6308646512823 4.269019678370347 5.338098269766227e+20
248801.0261791381 1224.0095436705778 0.00039389012540548795 3678.8048767063665 0.0001904442688783513 0.0 388.1126798361693 1214.7011795715027 4.263246996490131 5.358103920430832e+20
252032.20833730875 1226.1762229903313 0.00039261526123486015 3678.0831563100646 0.0001904062430999186 0.0 388.7280399598949 1232.8265955497698 4.257474812280541 5.3781051130330907e+20
255263.39049547937 1228.331223370555 0.0003911782883712105 3677.3581156583723 0.00019028671974295188 0.0 389.34327721540365 1251.007019857527 4.251703070785164 5.398102457040958e+20
258494.57265365 1230.4743699929943 0.00038951271596698406 3676.589416616181 0.00019005448479460888 0.0 389.95812826917387 1269.242361998729 4.245931713127891 5.4180949361562406e+20
261725.75481182063 1232.6046285646084 0.00038764070352095376 3675.7506546487916 0.0001897205334873637 0.0 390.5722289295225 1287.5325281966893 4.240160676509512 5.438077735596199e+20
264956.93696999125 1234.719848486562 0.0003856558715214511 3674.8545430203017 0.00018932905865040925 0.0 391.1852505323655 1305.8774085461341 4.234389894742143 5.4580410697635044e+20
268188.11912816187 1236.818143280489 0.0003836579937949359 3673.968277183437 0.000188925111688014 0.0 391.79700720869994 1324.2768602586411 4.228619297397332 5.47797624808266e+20
271419.3012863325 1238.899336169286 0.00038171674156390413 3673.1920171630327 0.00018853787909261382 0.0 392.40745865881667 1342.7307114197347 4.222848809306697 5.497882101288943e+20
274650.4834445031 1240.9652566946072 0.0003798886174306243 3672.622245232664 0.00018819070923410073 0.0 393.01665888988003 1361.2387863852593 4.217078351095469 5.5177663739554687e+20
277881.6656026737 1243.0194399048567 0.00037823164817747467 3672.3150112222393 0.00018791016693780533 0.0 393.62473735189076 1379.8009357886745 4.211307839167911 5.537644471073782e+20
281112.8477608444 1245.064938227816 0.00037678503091890213 3672.271245929834 0.00018771661865821262 0.0 394.23190933063904 1398.4170622308575 4.205537183491208 5.5575297649626625e+20
284344.029919015 1247.1032120800737 0.00037554322350235746 3672.455607129111 0.00018761014907170003 0.0 394.83845591963956 1417.0871133118706 4.199766288162002 5.577428613131298e+20
287575.2120771856 1249.1342589640883 0.00037444118254191685 3672.8201334052196 0.0001875616139064277 0.0 395.44465848601175 1435.811057958001 4.193995052402796 5.597340868009069e+20
290806.39423535625 1251.1570439299965 0.00037335740156896243 3673.3232324490714 0.00018751276706535525 0.0 396.0507042264239 1454.588864540375 4.188223368971272 5.61726174622131e+20
294037.57639352686 1253.1706415304998 0.00037218343988070044 3673.936808568166 0.00018741051193194301 0.0 396.6565921337947 1473.4204853357312 4.182451123531543 5.637186920652382e+20
297268.7585516975 1255.1746044547142 0.00037086422382716724 3674.6418479391987 0.0001872275842147792 0.0 397.26214963620276 1492.3058580978325 4.176678194713191 5.657114186563306e+20
300499.9407098681 1257.168731258427 0.0003694021641240417 3675.4247033723364 0.00018696522051845512 0.0 397.8671160658349 1511.2449131976177 4.170904453917998 5.677042433448633e+20
303731.1228680387 1259.15283106097 0.00036785256621513505 3676.2770387249734 0.0001866512482839788 0.0 398.4712347505726 1530.237577293995 4.165129764365442 5.6969705910953424e+20
306962.3050262094 1261.1267257243098 0.00036627989899973274 3677.197370692588 0.00018631813905015424 0.0 399.0743389338281 1549.2837734657824 4.159353980552517 5.716897639900778e+20
310193.48718438 1263.0904077080215 0.00036472781353285 3678.1901119927056 0.00018598783027471035 0.0 399.67636678047046 1568.3834213801379 4.153576948003905 5.736823328373317e+20
313424.6693425506 1265.0441585106232 0.00036321887045091204 3679.2621021461214 0.0001856716112616173 0.0 400.277327339291 1587.5364398594459 4.147798501854465 5.756748719555953e+20
316655.85150072124 1266.988642932989 0.0003617568027698018 3680.418714843375 0.00018537132835039026 0.0 400.87726613687835 1606.742751266311 4.142018465993097 5.776676633440783e+20
319887.03365889186 1268.9247026257642 0.00036033620923761004 3681.6595561809236 0.0001850844470134353 0.0 401.4762346656805 1626.002287351958 4.13408579688572 5.79661072066984e+20
